[General]
Width=16
Height=16

[Exit]
Position=16,1

[Player]
Position=1,1

[PurpleBlock]
Position=5,9
Position=6,4
Position=8,8;8,14
Position=9,8
Position=10,8;10,9;10,10
Position=11,8
Position=13,6;13,12

[RedBlock]
Position=1,4;1,5;1,9;1,11;1,12;1,13;1,14
Position=2,2;2,7;2,9;2,16
Position=3,2;3,3;3,4;3,5;3,6;3,7;3,9;3,10;3,11;3,13;3,15;3,16
Position=4,6;4,13
Position=5,1;5,2;5,3;5,4;5,6;5,8;5,10;5,11;5,12;5,13;5,15
Position=6,8;6,12;6,15
Position=7,1;7,2;7,4;7,5;7,6;7,7;7,8;7,10;7,14;7,15
Position=8,10;8,11;8,12
Position=9,2;9,3;9,4;9,5;9,6;9,12;9,14;9,16
Position=10,12;10,14
Position=11,1;11,2;11,3;11,5;11,6;11,14;11,16
Position=12,5;12,8;12,9;12,11;12,12;12,13;12,14
Position=13,2;13,3;13,4;13,5;13,7;13,9;13,14;13,15
Position=14,2;14,7;14,9;14,10;14,12
Position=15,2;15,4;15,5;15,6;15,7;15,9;15,12;15,14;15,15;15,16
Position=16,4;16,9;16,11;16,12
