[General]
Width=65
Height=85

[BlueBlock]
Position=1,74;1,78;1,82
Position=2,76;2,80;2,84
Position=3,77;3,81;3,85
Position=4,75;4,79;4,83
Position=5,78;5,82
Position=6,80;6,84
Position=7,77;7,81;7,85
Position=8,79;8,83
Position=9,82
Position=10,80;10,84
Position=11,85
Position=13,74
Position=14,19;14,31;14,73;14,75
Position=15,19;15,31;15,74
Position=16,19;16,31
Position=17,74
Position=18,73;18,75
Position=19,74
Position=29,71;29,73;29,75
Position=32,79;32,80;32,81;32,82;32,83;32,84
Position=33,70;33,79;33,80;33,81;33,82;33,83;33,84
Position=34,65;34,79;34,80;34,81
Position=35,79;35,80
Position=36,65;36,79;36,80;36,81
Position=37,70;37,79;37,80;37,81;37,82;37,83;37,84
Position=38,79;38,80;38,81;38,82;38,83;38,84
Position=41,71;41,73;41,75

[BluePaint]
Position=16,61;16,63;16,65;16,79

[BouncingBall]
Position=16,21
Position=40,22
Position=41,22
Position=42,22
Position=43,22
Position=44,22
Direction=Down
Position=14,28

[Button]
Position=55,73

[Creature1]
Position=48,26;48,30
Direction=Right
Position=63,21;63,29
Direction=Left
Position=10,32
Position=50,24;50,28;50,32
Position=53,25;53,33
Position=57,27

[Door]
Position=21,63

[Entrance]
Level=1
Position=33,74
Level=2
Position=37,74
Level=3
Position=33,72
Level=4
Position=37,72
Level=5
Position=29,72
Level=6
Position=29,74
Level=7
Position=29,76
Level=8
Position=41,72
Level=9
Position=41,74
Level=10
Position=41,76
Level=11
Position=13,75
Level=12
Position=15,75
Level=13
Position=17,75
Level=14
Position=19,75
Level=15
Position=13,73
Level=16
Position=15,73
Level=17
Position=17,73
Level=18
Position=19,73
Level=19
Position=19,62
Level=20
Position=17,62
Level=21
Position=15,62
Level=22
Position=13,62
Level=23
Position=19,64
Level=24
Position=17,64
Level=25
Position=15,64
Level=26
Position=13,64
Level=27
Position=50,64
Level=28
Position=52,64
Level=29
Position=54,64
Level=30
Position=56,64
Level=31
Position=50,66
Level=32
Position=52,66
Level=33
Position=54,66
Level=34
Position=56,66
Level=35
Position=50,76
Level=36
Position=52,76
Level=37
Position=54,76
Level=38
Position=56,76
Level=39
Position=50,78
Level=40
Position=52,78
Level=41
Position=54,78
Level=42
Position=56,78
Level=56
Position=1,45
Level=57
Position=1,43
Level=58
Position=1,41
Level=59
Position=1,39
Level=60
Position=1,37
Level=61
Position=17,37
Level=62
Position=17,39
Level=63
Position=17,41
Level=64
Position=17,43
Level=65
Position=17,45
Level=66
Position=36,43
Level=67
Position=37,43
Level=68
Position=38,43
Level=69
Position=39,43
Level=70
Position=40,43
Level=71
Position=36,44
Level=72
Position=37,44
Level=73
Position=38,44
Level=74
Position=39,44
Level=75
Position=40,44
Level=76
Position=58,40
Level=77
Position=61,40
Level=78
Position=58,43
Level=79
Position=61,43
Level=80
Position=55,23
Level=81
Position=61,23
Level=82
Position=61,31
Level=83
Position=55,31
Level=84
Position=58,27
Level=85
Position=40,29
Level=86
Position=41,29
Level=87
Position=42,29
Level=88
Position=43,29
Level=89
Position=44,29
Level=90
Position=33,25
Level=91
Position=34,25
Level=92
Position=35,25
Level=93
Position=36,25
Level=94
Position=37,25
Level=95
Position=26,23
Level=96
Position=26,24
Level=97
Position=26,25
Level=98
Position=26,26
Level=99
Position=26,27
Level=100
Position=34,19

[Exit]
Position=42,4

[Gate]
Position=53,74
Level=85
Position=40,23
Level=86
Position=41,23
Level=87
Position=42,23
Level=88
Position=43,23
Level=89
Position=44,23
Level=90
Position=33,24
Level=91
Position=34,24
Level=92
Position=35,24
Level=93
Position=36,24
Level=94
Position=37,24
Level=95
Position=23,23
Level=96
Position=23,24
Level=97
Position=23,25
Level=98
Position=23,26
Level=99
Position=23,27
Level=100
Position=33,17

[Ice]
Position=1,5;1,6;1,7;1,8;1,13;1,14;1,15;1,16;1,20;1,21;1,22;1,23;1,30;1,31;1,32;1,33;1,34;1,35;1,36;1,47;1,48;1,49;1,50;1,51;1,52;1,53;1,54;1,55;1,56
Position=2,2;2,6;2,7;2,8;2,9;2,10;2,12;2,13;2,14;2,15;2,21;2,31;2,32;2,33;2,34;2,35;2,36;2,37;2,46;2,47;2,48;2,49;2,50;2,51;2,52;2,53;2,54;2,55
Position=3,7;3,8;3,9;3,10;3,11;3,12;3,13;3,14;3,32;3,33;3,34;3,35;3,36;3,37;3,46;3,47;3,48;3,49;3,50;3,51;3,52
Position=4,3;4,8;4,9;4,10;4,11;4,12;4,33;4,34;4,35;4,36;4,37;4,38;4,39;4,43;4,44;4,45;4,46;4,47;4,48;4,49;4,50
Position=5,5;5,9;5,10;5,11;5,34;5,35;5,36;5,38;5,39;5,40;5,41;5,42;5,43;5,44;5,45;5,46;5,47;5,48;5,49;5,50
Position=6,5;6,35;6,36;6,37;6,38;6,39;6,40;6,42;6,43;6,44;6,45;6,46;6,47;6,48;6,49
Position=7,35;7,36;7,37;7,38;7,39;7,40;7,42;7,43;7,44;7,45;7,46;7,47;7,48;7,49
Position=8,36;8,37;8,38;8,39;8,40;8,41;8,42;8,43;8,44;8,46;8,47;8,48;8,49
Position=9,38;9,39;9,40;9,41;9,42;9,43;9,44;9,45;9,46;9,47;9,48;9,49;9,50
Position=10,39;10,40;10,41;10,47;10,48;10,49;10,50
Position=11,49;11,50
Position=31,85
Position=32,85
Position=33,85
Position=37,85
Position=38,85
Position=39,85

[Key]
Position=23,63

[Mine]
Position=11,18
Position=40,31
Position=41,31
Position=42,31
Position=43,31
Position=44,31
Position=56,38;56,45
Position=63,38;63,45

[Player]
Position=35,77

[PurpleBlock]
Position=1,77;1,81;1,85
Position=2,75;2,79;2,83
Position=3,76;3,80;3,84
Position=4,78;4,82
Position=5,77;5,81;5,85
Position=6,79;6,83
Position=7,80;7,84
Position=8,82
Position=9,81;9,85
Position=10,83
Position=11,84
Position=12,74
Position=14,74
Position=16,36;16,37;16,38;16,39;16,40;16,41;16,42;16,43;16,44;16,45;16,46;16,74
Position=17,36;17,38;17,40;17,42;17,44;17,46
Position=18,36;18,46;18,74
Position=19,36;19,37;19,39;19,42;19,44;19,45;19,46
Position=20,36;20,38;20,39;20,40;20,41;20,43;20,44;20,46;20,74
Position=21,36;21,41;21,42;21,45;21,46
Position=22,36;22,39;22,41;22,44;22,46
Position=23,36;23,38;23,41;23,43;23,46
Position=24,36;24,37;24,40;24,43;24,46
Position=25,36;25,37;25,38;25,39;25,40;25,42;25,43;25,44;25,45;25,46
Position=28,77
Position=29,77
Position=33,64;33,65;33,66;33,67
Position=34,64;34,66;34,67;34,68
Position=35,63;35,64;35,65;35,66;35,68
Position=36,64;36,66;36,67;36,68
Position=37,64;37,65;37,66;37,67
Position=41,77
Position=42,77

[Raft]
Position=10,25
Position=30,40;30,44;30,48
Position=32,63
Position=33,23;33,41;33,63
Position=34,23;34,62;34,63
Position=35,23;35,49;35,62
Position=36,23;36,62;36,63
Position=37,23;37,39;37,48;37,63
Position=38,63
Position=40,40
Position=43,42

[RedBlock]
Position=1,76;1,80;1,84
Position=2,74;2,78;2,82
Position=3,75;3,79;3,83
Position=4,77;4,81;4,85
Position=5,76;5,80;5,84
Position=6,78;6,82
Position=7,79;7,83
Position=8,77;8,81;8,85
Position=9,80;9,84
Position=10,82
Position=11,31;11,60;11,61;11,62;11,63;11,64;11,65;11,66;11,71;11,72;11,73;11,74;11,75;11,76;11,77;11,83
Position=12,60;12,66;12,71;12,77;12,85
Position=13,1;13,2;13,3;13,4;13,5;13,6;13,7;13,8;13,9;13,10;13,11;13,12;13,13;13,14;13,15;13,16;13,17;13,60;13,66;13,71;13,77
Position=14,1;14,17;14,60;14,66;14,71;14,77
Position=15,1;15,17;15,20;15,21;15,22;15,23;15,24;15,25;15,26;15,27;15,28;15,29;15,30;15,60;15,66;15,71;15,77;15,78;15,79;15,80;15,81
Position=16,1;16,17;16,60;16,66;16,71;16,77;16,81
Position=17,1;17,17;17,60;17,66;17,71;17,77;17,78;17,79;17,81
Position=18,1;18,17;18,60;18,66;18,71;18,77;18,79;18,81
Position=19,1;19,4;19,5;19,6;19,17;19,60;19,66;19,71;19,77;19,79;19,81
Position=20,1;20,3;20,7;20,17;20,60;20,66;20,71;20,77;20,81
Position=21,1;21,3;21,7;21,17;21,60;21,61;21,62;21,64;21,65;21,66;21,71;21,72;21,73;21,74;21,75;21,76;21,77
Position=22,1;22,17;22,23;22,24;22,25;22,26;22,27;22,62;22,64
Position=23,1;23,3;23,4;23,5;23,6;23,7;23,17;23,62;23,64;23,65
Position=24,1;24,5;24,17;24,23;24,24;24,25;24,26;24,27;24,28;24,29;24,30;24,62
Position=25,1;25,6;25,7;25,17;25,62;25,63;25,64;25,65;25,66
Position=26,1;26,17
Position=27,1;27,5;27,6;27,17
Position=28,1;28,7;28,17;28,70;28,71;28,72;28,73;28,74;28,75;28,76
Position=29,1;29,5;29,6;29,7;29,17;29,69
Position=30,1;30,17;30,69
Position=31,1;31,5;31,6;31,7;31,17;31,69;31,71;31,72;31,73;31,74;31,75;31,76;31,77;31,78
Position=32,1;32,5;32,17;32,41;32,42;32,45;32,69;32,71;32,72;32,73;32,74;32,75;32,76;32,77;32,78
Position=33,1;33,6;33,7;33,69;33,71;33,73;33,75
Position=34,1;34,17;34,69;34,71;34,73;34,75
Position=35,1;35,3;35,4;35,5;35,6;35,7;35,17;35,67;35,69
Position=36,1;36,6;36,17;36,69;36,71;36,73;36,75
Position=37,1;37,5;37,7;37,17;37,69;37,71;37,73;37,75
Position=38,1;38,17;38,69;38,71;38,72;38,73;38,74;38,75;38,76;38,77;38,78
Position=39,1;39,5;39,6;39,9;39,17;39,21;39,22;39,23;39,24;39,25;39,26;39,27;39,28;39,29;39,30;39,31;39,69;39,71;39,72;39,73;39,74;39,75;39,76;39,77;39,78
Position=40,1;40,7;40,9;40,17;40,21;40,69
Position=41,1;41,5;41,6;41,7;41,8;41,17;41,21;41,69
Position=42,1;42,17;42,21;42,70;42,71;42,72;42,73;42,74;42,75;42,76
Position=43,1;43,6;43,7;43,17;43,21
Position=44,1;44,5;44,6;44,7;44,17;44,21
Position=45,1;45,5;45,17;45,21;45,22;45,23
Position=46,1;46,17
Position=47,1;47,17
Position=48,1;48,17;48,62;48,63;48,64;48,65;48,66;48,67;48,68;48,74;48,75;48,76;48,77;48,78;48,79;48,80
Position=49,1;49,17;49,24;49,25;49,26;49,28;49,29;49,30;49,62;49,68;49,74;49,80
Position=50,1;50,17;50,25;50,29;50,62;50,68;50,74;50,80
Position=51,1;51,17;51,23;51,27;51,31;51,62;51,68;51,74;51,80
Position=52,1;52,17;52,22;52,23;52,24;52,26;52,27;52,28;52,30;52,31;52,32;52,62;52,68;52,69;52,70;52,72;52,73;52,74;52,80
Position=53,1;53,2;53,3;53,4;53,5;53,6;53,7;53,8;53,9;53,10;53,11;53,12;53,13;53,14;53,15;53,16;53,17;53,62;53,68;53,80
Position=54,22;54,24;54,30;54,32;54,62;54,68;54,69;54,70;54,72;54,73;54,74;54,80
Position=55,22;55,24;55,30;55,32;55,62;55,68;55,74;55,80
Position=56,22;56,23;56,24;56,30;56,31;56,32;56,40;56,41;56,42;56,43;56,62;56,68;56,74;56,80
Position=57,26;57,28;57,62;57,68;57,74;57,80
Position=58,26;58,28;58,38;58,45;58,62;58,63;58,64;58,65;58,66;58,67;58,68;58,74;58,75;58,76;58,77;58,78;58,79;58,80
Position=59,26;59,27;59,28;59,38;59,45
Position=60,22;60,24;60,30;60,32;60,38;60,45
Position=61,22;61,24;61,30;61,32;61,38;61,45
Position=62,12;62,22;62,23;62,24;62,30;62,31;62,32
Position=63,40;63,41;63,42;63,43

[Transporter]
Position=53,65;53,69
Position=56,37;56,39
Position=63,37;63,39
Direction=Right
Position=62,38;62,45
Position=64,38;64,45
Direction=Down
Position=56,44;56,46
Position=63,44;63,46
Direction=Left
Position=55,38;55,45
Position=57,38;57,45

[Water]
Position=1,1;1,2;1,3;1,4;1,17;1,18;1,19;1,24;1,25;1,26;1,27;1,28;1,29
Position=2,1;2,3;2,4;2,5;2,16;2,17;2,18;2,19;2,20;2,22;2,23;2,24;2,25;2,26;2,27;2,28;2,29;2,30
Position=3,1;3,2;3,3;3,4;3,5;3,6;3,15;3,16;3,17;3,18;3,19;3,20;3,21;3,22;3,23;3,24;3,25;3,26;3,27;3,28;3,29;3,30;3,31
Position=4,1;4,2;4,4;4,5;4,6;4,7;4,13;4,14;4,15;4,16;4,17;4,18;4,19;4,20;4,21;4,22;4,23;4,24;4,25;4,26;4,27;4,28;4,29;4,30;4,31;4,32
Position=5,1;5,2;5,3;5,4;5,6;5,7;5,8;5,12;5,13;5,14;5,15;5,16;5,17;5,18;5,19;5,20;5,21;5,22;5,23;5,24;5,25;5,26;5,27;5,28;5,29;5,30;5,31;5,32;5,33
Position=6,1;6,2;6,3;6,4;6,6;6,7;6,8;6,9;6,10;6,11;6,12;6,13;6,14;6,15;6,16;6,17;6,18;6,19;6,20;6,21;6,22;6,23;6,24;6,25;6,26;6,27;6,28;6,29;6,30;6,31;6,32;6,33;6,34;6,53;6,54
Position=7,1;7,2;7,3;7,4;7,5;7,6;7,7;7,8;7,9;7,10;7,11;7,12;7,13;7,14;7,15;7,16;7,17;7,18;7,19;7,20;7,21;7,22;7,23;7,24;7,25;7,26;7,27;7,28;7,29;7,30;7,31;7,32;7,33;7,34;7,53;7,54
Position=8,1;8,2;8,3;8,4;8,5;8,6;8,7;8,8;8,9;8,10;8,11;8,12;8,13;8,14;8,15;8,16;8,17;8,18;8,19;8,20;8,21;8,22;8,23;8,24;8,25;8,26;8,27;8,28;8,29;8,30;8,31;8,32;8,33;8,34;8,35;8,53;8,54
Position=9,1;9,2;9,3;9,4;9,5;9,6;9,7;9,11;9,12;9,13;9,14;9,15;9,16;9,17;9,18;9,19;9,20;9,21;9,22;9,23;9,24;9,26;9,27;9,28;9,29;9,30;9,31;9,32;9,33;9,34;9,35;9,36;9,37;9,53;9,54
Position=10,1;10,2;10,3;10,4;10,5;10,6;10,7;10,8;10,10;10,11;10,12;10,13;10,14;10,15;10,16;10,17;10,19;10,20;10,21;10,22;10,23;10,24;10,26;10,27;10,28;10,29;10,33;10,34;10,35;10,36;10,37;10,38;10,42;10,43;10,44;10,45;10,46;10,51;10,53;10,54
Position=11,1;11,2;11,3;11,4;11,5;11,6;11,7;11,8;11,9;11,10;11,11;11,12;11,13;11,14;11,15;11,16;11,19;11,20;11,21;11,22;11,23;11,24;11,25;11,26;11,27;11,28;11,29;11,33;11,34;11,35;11,36;11,37;11,38;11,39;11,40;11,41;11,42;11,43;11,44;11,45;11,46;11,47;11,48;11,51;11,53;11,54
Position=12,1;12,2;12,3;12,4;12,5;12,6;12,7;12,8;12,9;12,10;12,11;12,12;12,13;12,14;12,15;12,16;12,17;12,18;12,19;12,20;12,21;12,22;12,23;12,24;12,25;12,26;12,27;12,28;12,29;12,33;12,34;12,35;12,36;12,37;12,38;12,39;12,40;12,41;12,42;12,43;12,44;12,45;12,46;12,47;12,48;12,49;12,50;12,51;12,53;12,54
Position=13,18;13,19;13,20;13,21;13,22;13,23;13,24;13,25;13,26;13,27;13,28;13,29;13,30;13,31;13,32;13,33;13,34;13,35;13,36;13,37;13,38;13,39;13,40;13,41;13,42;13,43;13,44;13,45;13,46;13,47;13,48;13,49;13,50;13,51;13,53;13,54
Position=14,18;14,32;14,33;14,49;14,50;14,51;14,53;14,54
Position=15,18;15,32;15,33;15,49;15,50;15,51;15,53;15,54
Position=16,18;16,32;16,33;16,49;16,50;16,51;16,53;16,54
Position=17,18;17,20;17,21;17,22;17,23;17,24;17,25;17,26;17,27;17,28;17,29;17,31;17,32;17,33;17,49;17,50;17,51;17,53;17,54
Position=18,18;18,20;18,21;18,22;18,23;18,24;18,25;18,26;18,27;18,28;18,29;18,31;18,32;18,33;18,49;18,50;18,51;18,53;18,54
Position=19,18;19,20;19,21;19,22;19,23;19,24;19,25;19,26;19,27;19,28;19,29;19,31;19,32;19,33;19,49;19,50;19,51;19,53;19,54
Position=20,18;20,20;20,29;20,31;20,32;20,33;20,49;20,50;20,51;20,53;20,54
Position=21,18;21,20;21,29;21,31;21,32;21,33;21,53;21,54
Position=22,18;22,20;22,29;22,31;22,32;22,33;22,49;22,50;22,51;22,53;22,54
Position=23,18;23,20;23,31;23,32;23,33;23,49;23,50;23,51;23,53;23,54
Position=24,18;24,20;24,31;24,32;24,33;24,49;24,50;24,51;24,53;24,54
Position=25,18;25,20;25,31;25,32;25,33;25,49;25,50;25,51;25,53;25,54
Position=26,18;26,20;26,29;26,31;26,32;26,33;26,49;26,50;26,51;26,53;26,54
Position=27,18;27,20;27,29;27,31;27,32;27,33;27,49;27,50;27,51;27,53;27,54
Position=28,18;28,20;28,29;28,31;28,32;28,33;28,34;28,36;28,37;28,38;28,39;28,40;28,41;28,42;28,43;28,45;28,46;28,47;28,48;28,49;28,50;28,51;28,53;28,54
Position=29,18;29,20;29,21;29,22;29,23;29,24;29,25;29,26;29,27;29,28;29,29;29,31;29,32;29,33;29,34;29,36;29,51;29,53;29,54
Position=30,18;30,20;30,21;30,22;30,23;30,24;30,25;30,26;30,27;30,28;30,29;30,31;30,32;30,33;30,34;30,36;30,51;30,53;30,54
Position=31,18;31,20;31,31;31,32;31,33;31,34;31,36;31,37;31,38;31,39;31,40;31,41;31,42;31,43;31,44;31,45;31,46;31,47;31,48;31,49;31,50;31,51;31,53;31,54
Position=32,18;32,20;32,22;32,23;32,24;32,25;32,26;32,27;32,28;32,29;32,30;32,31;32,32;32,33;32,34;32,36;32,37;32,38;32,39;32,40;32,43;32,46;32,47;32,48;32,49;32,50;32,51;32,53;32,54
Position=33,20;33,22;33,33;33,34;33,36;33,37;33,40;33,43;33,47;33,48;33,49;33,50;33,51;33,53;33,54
Position=34,18;34,20;34,22;34,27;34,28;34,29;34,30;34,31;34,33;34,34;34,36;34,37;34,40;34,41;34,42;34,43;34,44;34,45;34,46;34,47;34,50;34,51;34,53;34,54
Position=35,18;35,19;35,20;35,22;35,27;35,28;35,29;35,30;35,31;35,33;35,34;35,36;35,37;35,38;35,39;35,40;35,41;35,46;35,47;35,48;35,50;35,51;35,53;35,54
Position=36,18;36,19;36,20;36,22;36,27;36,28;36,29;36,30;36,31;36,33;36,34;36,36;36,37;36,39;36,40;36,41;36,46;36,47;36,48;36,49;36,50;36,51;36,53;36,54
Position=37,18;37,19;37,20;37,22;37,27;37,28;37,29;37,30;37,31;37,33;37,34;37,36;37,37;37,40;37,41;37,46;37,47;37,50;37,51;37,53;37,54
Position=38,18;38,19;38,20;38,21;38,22;38,23;38,24;38,25;38,26;38,27;38,28;38,29;38,30;38,31;38,33;38,34;38,36;38,37;38,38;38,39;38,40;38,41;38,46;38,47;38,48;38,49;38,50;38,51;38,53;38,54
Position=39,18;39,19;39,20;39,33;39,34;39,36;39,37;39,38;39,41;39,46;39,47;39,48;39,49;39,50;39,51;39,53;39,54
Position=40,18;40,19;40,20;40,33;40,34;40,36;40,37;40,38;40,39;40,41;40,46;40,47;40,48;40,49;40,50;40,51;40,53;40,54
Position=41,18;41,19;41,20;41,33;41,34;41,36;41,37;41,38;41,39;41,40;41,41;41,46;41,47;41,48;41,49;41,50;41,51;41,53;41,54
Position=42,18;42,19;42,20;42,33;42,34;42,36;42,37;42,41;42,42;42,43;42,44;42,45;42,46;42,47;42,48;42,49;42,50;42,51;42,53;42,54
Position=43,18;43,19;43,20;43,33;43,34;43,36;43,37;43,38;43,39;43,40;43,41;43,44;43,45;43,46;43,47;43,48;43,49;43,50;43,51;43,53;43,54
Position=44,18;44,19;44,20;44,33;44,34;44,36;44,37;44,44;44,45;44,46;44,47;44,48;44,49;44,50;44,51;44,53;44,54
Position=45,18;45,19;45,20;45,25;45,26;45,27;45,28;45,29;45,30;45,31;45,32;45,33;45,34;45,36;45,37;45,38;45,39;45,40;45,41;45,42;45,43;45,44;45,45;45,46;45,47;45,48;45,49;45,50;45,51;45,53;45,54
Position=46,18;46,19;46,20;46,53;46,54
Position=47,18;47,19;47,20;47,21;47,22;47,23;47,24;47,30;47,31;47,32;47,33;47,34;47,35;47,36;47,37;47,38;47,39;47,40;47,43;47,44;47,45;47,46;47,47;47,48;47,49;47,50;47,51;47,53;47,54
Position=48,18;48,19;48,20;48,21;48,22;48,32;48,33;48,34;48,35;48,36;48,37;48,38;48,39;48,40;48,43;48,44;48,45;48,46;48,47;48,48;48,49;48,50;48,51;48,53;48,54
Position=49,18;49,19;49,20;49,21;49,22;49,32;49,33;49,34;49,35;49,36;49,37;49,38;49,39;49,40;49,43;49,44;49,45;49,46;49,47;49,48;49,49;49,50;49,51;49,53;49,54
Position=50,18;50,19;50,20;50,21;50,33;50,34;50,35;50,36;50,37;50,38;50,39;50,40;50,43;50,44;50,45;50,46;50,47;50,48;50,49;50,50;50,51;50,53;50,54
Position=51,18;51,19;51,20;51,34;51,35;51,36;51,37;51,38;51,39;51,40;51,43;51,44;51,45;51,46;51,47;51,48;51,49;51,50;51,51;51,53;51,54
Position=52,18;52,19;52,20;52,34;52,35;52,36;52,37;52,38;52,39;52,40;52,43;52,44;52,45;52,46;52,47;52,48;52,49;52,50;52,51
Position=53,18;53,19;53,20;53,34;53,49;53,50;53,51
Position=54,1;54,2;54,3;54,4;54,5;54,6;54,7;54,8;54,9;54,10;54,11;54,12;54,13;54,14;54,15;54,16;54,17;54,18;54,19;54,20;54,34;54,49;54,50;54,51;54,53;54,54
Position=55,1;55,2;55,3;55,4;55,5;55,6;55,7;55,8;55,9;55,10;55,11;55,12;55,13;55,14;55,15;55,16;55,17;55,18;55,19;55,20;55,34;55,49;55,50;55,51;55,53;55,54
Position=56,1;56,2;56,3;56,6;56,7;56,8;56,9;56,10;56,11;56,12;56,13;56,14;56,15;56,16;56,17;56,18;56,19;56,20;56,34;56,49;56,50;56,51;56,53;56,54
Position=57,1;57,2;57,3;57,5;57,6;57,7;57,8;57,9;57,10;57,11;57,12;57,13;57,14;57,15;57,16;57,17;57,18;57,19;57,20;57,34;57,49;57,50;57,51;57,53;57,54
Position=58,1;58,2;58,3;58,4;58,5;58,6;58,7;58,8;58,9;58,10;58,11;58,12;58,13;58,14;58,15;58,16;58,17;58,18;58,19;58,20;58,34;58,49;58,50;58,51;58,53;58,54
Position=59,1;59,2;59,3;59,4;59,5;59,6;59,7;59,8;59,9;59,10;59,11;59,12;59,13;59,14;59,15;59,16;59,17;59,18;59,19;59,20;59,34;59,49;59,50;59,51;59,53;59,54
Position=60,1;60,2;60,3;60,4;60,5;60,6;60,7;60,8;60,9;60,10;60,11;60,12;60,13;60,14;60,15;60,16;60,17;60,18;60,19;60,20;60,34;60,49;60,50;60,51;60,53;60,54
Position=61,1;61,2;61,3;61,4;61,5;61,6;61,7;61,8;61,9;61,10;61,13;61,14;61,15;61,16;61,17;61,18;61,19;61,20;61,34;61,49;61,50;61,51;61,53;61,54
Position=62,1;62,2;62,3;62,4;62,5;62,6;62,7;62,8;62,9;62,10;62,13;62,14;62,15;62,16;62,17;62,18;62,19;62,20;62,34;62,49;62,50;62,51;62,53;62,54
Position=63,1;63,2;63,3;63,4;63,5;63,6;63,7;63,8;63,9;63,10;63,11;63,12;63,13;63,14;63,15;63,16;63,17;63,18;63,19;63,20;63,34;63,49;63,50;63,51;63,53;63,54
Position=64,1;64,2;64,3;64,4;64,5;64,6;64,7;64,8;64,9;64,10;64,11;64,12;64,13;64,14;64,15;64,16;64,17;64,18;64,19;64,20;64,21;64,22;64,23;64,24;64,25;64,26;64,27;64,28;64,29;64,30;64,31;64,32;64,33;64,34;64,49;64,50;64,51;64,53;64,54
Position=65,1;65,2;65,3;65,4;65,5;65,6;65,7;65,8;65,9;65,10;65,11;65,12;65,13;65,14;65,15;65,16;65,17;65,18;65,19;65,20;65,21;65,22;65,23;65,24;65,25;65,26;65,27;65,28;65,29;65,30;65,31;65,32;65,33;65,34;65,49;65,50;65,51;65,53;65,54

[YellowBlock]
Position=1,75;1,79;1,83
Position=2,77;2,81;2,85
Position=3,78;3,82
Position=4,76;4,80;4,84
Position=5,79;5,83
Position=6,77;6,81;6,85
Position=7,78;7,82
Position=8,80;8,84
Position=9,83
Position=10,85
Position=20,21;20,22;20,23;20,24;20,25;20,26;20,27;20,28
Position=21,10;21,11;21,12;21,21;21,28
Position=22,9;22,13;22,21;22,28
Position=23,9;23,13;23,21
Position=24,21
Position=25,9;25,10;25,11;25,12;25,13;25,21
Position=26,11;26,21;26,28
Position=27,12;27,13;27,21;27,28
Position=28,21;28,22;28,23;28,24;28,25;28,26;28,27;28,28
Position=29,12
Position=30,11;30,13
Position=31,11;31,12;31,13
Position=33,9;33,10;33,11;33,12;33,13
Position=35,9;35,10;35,11;35,12;35,13
Position=37,12
Position=38,11;38,12;38,13
Position=39,11;39,13
Position=41,12;41,13
Position=42,11
Position=43,11;43,12;43,13
Position=45,12;45,15
Position=46,11;46,13;46,15
Position=47,11;47,12;47,13;47,14
Position=49,12
Position=50,11;50,12;50,13
Position=51,11;51,13
Position=53,35;53,36;53,37;53,38;53,39;53,40;53,41;53,42;53,43;53,44;53,45;53,46;53,47;53,48
Position=54,35;54,48
Position=55,35;55,48
Position=56,35;56,48
Position=57,35;57,48
Position=58,35;58,48
Position=59,35;59,48
Position=60,35;60,48
Position=61,35;61,48
Position=62,35;62,48
Position=63,35;63,48
Position=64,35;64,48
Position=65,35;65,48
