[General]
Width=20
Height=20

[BlueBlock]
Position=1,2

[BouncingBall]
Direction=Down
Position=3,5

[Creature1]
Direction=Right
Position=2,3;2,4;2,5;2,6;2,7;2,8;2,9;2,10;2,11;2,12;2,13;2,14;2,15;2,16;2,17;2,18;2,19
Position=3,3;3,4;3,5;3,6;3,7;3,8;3,9;3,13;3,14;3,15;3,16;3,17;3,18;3,19
Position=4,1;4,2;4,3;4,4;4,5;4,6;4,7;4,8;4,14;4,16;4,17;4,18
Position=5,1;5,2;5,3;5,4;5,5;5,6;5,7;5,17;5,18
Position=6,1;6,2;6,3;6,4;6,5;6,6;6,7;6,8;6,17;6,18
Position=7,1;7,2;7,3;7,4;7,5;7,6;7,7;7,8;7,18
Position=8,1;8,2;8,3;8,4;8,5;8,6;8,7;8,18
Position=9,1;9,2;9,3;9,4;9,5;9,6;9,7
Position=10,1;10,2;10,3;10,4;10,5;10,6;10,7;10,8
Position=11,1;11,2;11,3;11,4;11,5;11,6;11,7;11,8
Position=12,1;12,2;12,3;12,4;12,5;12,6;12,7;12,10
Position=13,1;13,2;13,3;13,4;13,5;13,6;13,10
Position=14,1;14,3;14,4;14,10;14,11
Position=15,1;15,3;15,4;15,10;15,11;15,18
Position=16,1;16,2;16,3;16,4;16,5;16,6;16,7;16,8;16,9;16,10
Position=17,1;17,2;17,3;17,4;17,5;17,6;17,7;17,8;17,9
Position=18,1;18,2;18,3;18,4;18,5;18,6;18,7;18,8;18,9;18,13;18,14;18,15;18,16
Position=19,1;19,2;19,3;19,4;19,5;19,6;19,7;19,8;19,9;19,13;19,14;19,15;19,16

[Entrance]
Level=1
Position=19,8

[Exit]
Position=19,2

[Mine]
Position=4,11;4,12
Position=5,11;5,12;5,13;5,15
Position=6,12;6,13;6,14;6,15;6,16
Position=7,12;7,13;7,14;7,15;7,16
Position=8,11;8,12;8,13;8,14;8,15;8,16;8,17
Position=9,13;9,14;9,15;9,16;9,17
Position=10,14;10,15;10,16;10,17;10,18
Position=11,14;11,15;11,16;11,17;11,18
Position=12,16;12,17;12,18
Position=13,17;13,18
Position=14,16;14,17
Position=15,13;15,14;15,15;15,16;15,17
Position=16,12;16,15;16,16;16,17
Position=17,12;17,19

[Player]
Position=1,1

[RedBlock]
Position=2,1;2,2

[Water]
Position=4,20
Position=5,20
Position=6,20
Position=7,20
Position=8,20
Position=9,20
Position=10,20
Position=11,20
Position=12,20
Position=13,20
Position=14,20
Position=15,20
Position=16,20
Position=17,20
Position=18,20
Position=19,11;19,12;19,20
Position=20,1;20,2;20,3;20,4;20,5;20,6;20,7;20,8;20,9;20,10;20,11;20,12;20,13;20,14;20,15;20,16;20,17;20,18;20,19;20,20
