[General]
Width=15
Height=15

[Door]
Position=2,4;2,7;2,9;2,12
Position=4,3;4,8;4,11;4,14
Position=5,4;5,7;5,9;5,12
Position=7,3;7,6;7,8;7,11;7,14
Position=9,3;9,6;9,8;9,11;9,14
Position=10,7;10,9;10,12
Position=12,3;12,6;12,11;12,14
Position=13,4;13,7;13,9;13,12

[Exit]
Position=8,8

[Key]
Position=2,3;2,13
Position=3,8;3,11
Position=5,3;5,5;5,6;5,8;5,10;5,14
Position=6,6;6,11
Position=8,3;8,6;8,11;8,14
Position=10,2;10,10;10,13;10,14
Position=11,6;11,11
Position=13,3;13,6;13,8;13,11;13,13;13,14

[Player]
Position=14,2

[RedBlock]
Position=1,1;1,2;1,3;1,4;1,5;1,6;1,7;1,8;1,9;1,10;1,11;1,12;1,13;1,14;1,15
Position=2,1;2,15
Position=3,1;3,4;3,7;3,9;3,12;3,15
Position=4,1;4,2;4,4;4,5;4,6;4,7;4,9;4,10;4,12;4,13;4,15
Position=5,1;5,15
Position=6,1;6,4;6,7;6,9;6,12;6,15
Position=7,1;7,2;7,4;7,5;7,7;7,9;7,10;7,12;7,13;7,15
Position=8,1;8,4;8,7;8,9;8,12;8,15
Position=9,1;9,2;9,4;9,5;9,7;9,9;9,10;9,12;9,13;9,15
Position=10,1;10,4;10,15
Position=11,1;11,4;11,7;11,9;11,12;11,15
Position=12,1;12,2;12,4;12,5;12,7;12,8;12,9;12,10;12,12;12,13;12,15
Position=13,1;13,15
Position=14,1;14,4;14,7;14,9;14,12;14,15
Position=15,1;15,2;15,3;15,4;15,5;15,6;15,7;15,8;15,9;15,10;15,11;15,12;15,13;15,14;15,15
