[General]
Width=17
Height=17

[Exit]
Position=1,1

[Player]
Position=9,9

[Transporter]
Position=1,3;1,5;1,6
Position=2,2
Position=3,8
Position=5,6
Position=6,6
Position=12,4;12,5;12,7;12,9;12,11;12,13
Direction=Right
Position=1,2
Position=4,14
Position=5,14
Position=6,14
Position=7,14
Position=8,14
Position=10,14
Position=11,14
Position=13,4;13,6;13,8;13,10;13,12;13,14;13,16
Position=14,14
Position=15,14;15,16
Direction=Down
Position=3,10;3,11;3,12;3,13;3,15;3,16
Position=8,3;8,5
Position=10,4;10,5
Position=12,15
Position=13,3
Position=14,5;14,7;14,9;14,11;14,13;14,15
Direction=Left
Position=1,4
Position=2,1;2,4;2,9
Position=3,4;3,6
Position=4,4;4,9
Position=5,4;5,9
Position=6,4;6,9
Position=7,4;7,6;7,9
Position=8,4;8,9
Position=9,3;9,6
Position=11,3

[Water]
Position=1,7;1,8;1,9;1,10;1,11;1,12;1,13;1,14;1,15;1,16;1,17
Position=2,3;2,5;2,7;2,8;2,10;2,11;2,12;2,13;2,14;2,15;2,16;2,17
Position=3,1;3,2;3,3;3,5;3,7;3,17
Position=4,1;4,2;4,3;4,5;4,7;4,8;4,10;4,11;4,12;4,13;4,15;4,16;4,17
Position=5,1;5,2;5,3;5,5;5,7;5,8;5,10;5,11;5,12;5,13;5,15;5,16;5,17
Position=6,1;6,2;6,3;6,5;6,7;6,8;6,10;6,11;6,12;6,13;6,15;6,16;6,17
Position=7,1;7,2;7,3;7,5;7,7;7,8;7,10;7,11;7,12;7,13;7,15;7,16;7,17
Position=8,1;8,2;8,7;8,8;8,10;8,11;8,12;8,13;8,15;8,16;8,17
Position=9,1;9,2;9,4;9,5;9,7;9,8;9,10;9,11;9,12;9,13;9,15;9,16;9,17
Position=10,1;10,2;10,7;10,8;10,9;10,10;10,11;10,12;10,13;10,15;10,16;10,17
Position=11,1;11,2;11,4;11,5;11,6;11,7;11,8;11,9;11,10;11,11;11,12;11,13;11,15;11,16;11,17
Position=12,1;12,2;12,17
Position=13,1;13,2;13,5;13,7;13,9;13,11;13,13;13,15;13,17
Position=14,1;14,3;14,17
Position=15,1;15,2;15,3;15,4;15,5;15,6;15,7;15,8;15,9;15,10;15,11;15,12;15,13;15,15;15,17
Position=16,1;16,2;16,3;16,4;16,5;16,6;16,7;16,8;16,9;16,10;16,11;16,12;16,13;16,14;16,15;16,16;16,17
Position=17,1;17,2;17,3;17,4;17,5;17,6;17,7;17,8;17,9;17,10;17,11;17,12;17,13;17,14;17,15;17,16;17,17
