[General]
Width=16
Height=16

[BluePaint]
Position=3,4
Position=6,14
Position=9,12
Position=12,12
Position=13,4
Position=14,1;14,2

[Exit]
Position=1,7

[Player]
Position=16,1

[RedBlock]
Position=1,6;1,8;1,12;1,14;1,15;1,16
Position=2,1;2,2;2,4;2,6;2,8;2,10;2,15
Position=3,6;3,8;3,10;3,11;3,12;3,13
Position=4,1;4,2;4,4;4,6;4,12;4,15;4,16
Position=5,2;5,4;5,6;5,7;5,8;5,9;5,10;5,12;5,13;5,14;5,16
Position=6,2;6,4;6,6;6,12;6,16
Position=7,4;7,6;7,9;7,10;7,11;7,12;7,14
Position=8,2;8,4;8,5;8,6;8,7;8,11;8,14;8,15;8,16
Position=9,2;9,7;9,9;9,11
Position=10,1;10,2;10,3;10,4;10,5;10,7;10,9;10,10;10,13;10,14;10,16
Position=11,3;11,5;11,7;11,9;11,14;11,16
Position=12,3;12,7;12,9;12,10;12,11;12,13;12,14;12,16
Position=13,3;13,5;13,6;13,7;13,8;13,11;13,14
Position=14,3;14,11;14,16
Position=15,3;15,5;15,6;15,7;15,8;15,9;15,11;15,12;15,14
Position=16,3;16,5;16,12;16,14;16,15
