[General]
Width=15
Height=15

[BluePaint]
Position=7,8

[Exit]
Position=1,1;1,15
Position=15,1;15,15

[Player]
Position=8,8

[PurpleBlock]
Position=1,3;1,8;1,9;1,10;1,11;1,13
Position=2,2;2,4;2,5;2,10;2,12;2,14
Position=3,1;3,5;3,6;3,8;3,9;3,10;3,11;3,13;3,15
Position=4,3;4,4;4,5;4,6;4,7;4,8;4,9;4,11;4,12;4,14
Position=5,1;5,2;5,3;5,4;5,5;5,7;5,8;5,12;5,13;5,14
Position=6,4;6,7;6,9;6,13
Position=7,1;7,2;7,4;7,6;7,10;7,11;7,13
Position=8,1;8,3;8,12;8,13;8,15
Position=9,3;9,5;9,6;9,10;9,11;9,12;9,13;9,15
Position=10,3;10,5;10,7;10,9;10,10;10,13
Position=11,2;11,3;11,4;11,6;11,9;11,12;11,13;11,14;11,15
Position=12,2;12,4;12,5;12,6;12,7;12,11;12,12
Position=13,1;13,5;13,6;13,7;13,8;13,11;13,12;13,14;13,15
Position=14,2;14,6;14,8;14,11;14,12;14,14
Position=15,3;15,4;15,5;15,7;15,8;15,13
