[General]
Width=13
Height=13

[Exit]
Position=13,1

[Player]
Position=13,13

[PurpleBlock]
Position=1,4;1,7;1,11;1,13
Position=4,1;4,7;4,9
Position=5,4;5,13
Position=7,4;7,7;7,10;7,13
Position=10,2;10,4;10,7;10,10;10,13
Position=13,4;13,7;13,10

[RedBlock]
Position=2,2;2,3;2,5;2,6;2,8;2,9;2,11;2,12
Position=3,2;3,3;3,5;3,6;3,8;3,9;3,11;3,12
Position=5,2;5,3;5,5;5,6;5,8;5,9;5,11;5,12
Position=6,2;6,3;6,5;6,6;6,8;6,9;6,11;6,12
Position=8,2;8,3;8,5;8,6;8,8;8,9;8,11;8,12
Position=9,2;9,3;9,5;9,6;9,8;9,9;9,11;9,12
Position=11,2;11,3;11,5;11,6;11,8;11,9;11,11;11,12
Position=12,2;12,3;12,5;12,6;12,8;12,9;12,11;12,12
